7.799235780615192,1.5568099833909972,2.1006448187525337
7.797944479586495,1.5624658095492934,2.101196287142795
7.797732029480223,1.567505938104266,2.1027999173737113
7.795614728519841,1.5788010927286265,2.1046021487129005
7.7941118239159906,1.5844321065613136,2.106479678126473
7.791748503959886,1.5856724846461274,2.1068072269280766
7.790175515870501,1.5868174551835739,2.1090376715725134
7.787221533183168,1.5926811457702572,2.110205361535253
7.786413687556385,1.600353482120042,2.112022958893719
7.78544732072396,1.6071127759103188,2.112772586747907
7.783245507547446,1.6170370368998326,2.1147835445863294
7.783196495154465,1.6173708275306677,2.1153090730995574
7.782869403659094,1.627360168046827,2.1174307605352527
7.779723493153407,1.6310231175129088,2.1201099726313917
7.77666560453004,1.6395847889900521,2.1222036533354025
7.776458017849734,1.644535584823729,2.1245493692940873
7.776275933792426,1.6547262572103965,2.1247745125323343
7.775064795817045,1.6582818033670286,2.12746590726493
7.773316463975384,1.6639279974649144,2.1278068909120256
7.770917803679313,1.6646668822798172,2.1279491634552317
7.770249330125486,1.665735491316696,2.129858928002618
7.769525162719604,1.6705363948224201,2.131373264374362
7.7677846543688895,1.6740253977760455,2.132398138845206
7.765229689426569,1.6773060888581026,2.133934089313604
7.7635154444184735,1.6826471835825307,2.135422080248721
7.761227711483529,1.688045063029906,2.1379184619157505
7.759149885650147,1.6932561267418647,2.138582470203462
7.757462834226703,1.6978840253663081,2.1412586401404923
7.756753867462822,1.7006732613727187,2.1432225159609057
7.756639166770121,1.71099743376102,2.1437422112895126
7.755844968866908,1.712183421403515,2.1445294633124847
7.753968686571111,1.715094833624264,2.144879646916153
7.7536231601588845,1.7163305927432895,2.1452673904243724
7.751400103344222,1.7257697763750144,2.1471866888309608
7.749979270486339,1.7267117788802668,2.149495046252705
7.746990886627604,1.7268977946679156,2.1510304086467555
7.745114291006186,1.732361402346643,2.151063072549063
7.744784773006962,1.7400840041378272,2.1537489419884324
7.742344113756551,1.7489915459380505,2.1541787894784603
7.739295709781901,1.753440894379739,2.1547815252981413
7.736528945920344,1.7558014157288253,2.155781031362243
7.7352481047418085,1.7606209015746843,2.1563507813532854
7.733053966245992,1.7629172237139452,2.1587147442406915
7.732401815044382,1.7683348683205236,2.159141529301976
7.729713171192561,1.773074274689976,2.1610041305428
7.727721293660528,1.7810786686547113,2.1627298328411872
7.725991680269497,1.7837334344773967,2.165213593839111
7.723855257393986,1.7925630942465807,2.1663094985100773
7.721728195797225,1.8006186079872557,2.1683195813994405
7.720929957814898,1.8055016261143886,2.1699860336286956
7.717989749718669,1.8151116774387286,2.1724882396369343
7.716188117559453,1.815203141079762,2.175007115284414
7.713963561698667,1.8241329112259228,2.1754406923093557
7.713005023897146,1.8253475051049761,2.1770678269044255
7.710023886800485,1.8331971198037953,2.1774305035674395
7.709225621105927,1.837970363865756,2.180378933663729
7.709063816433698,1.8400319457194378,2.1810736014663585
7.70845734141833,1.8479372203474702,2.182549372091946
7.706049368766834,1.8504087116443524,2.1845007030202415
7.704652492524307,1.8548314333084877,2.1852205036183516
7.702803730086503,1.8658836827422336,2.1878628457519453
7.701954755934417,1.8709206576671424,2.1887283079030664
7.7016958490554375,1.8753922339321891,2.189219012690477
7.700102625996166,1.881453435618644,2.1905587836919347
7.699291166414332,1.8824286218145945,2.193486014390195
7.697584939505398,1.8932924095829333,2.1957586154285225
7.696001626993416,1.9000301248210232,2.197063201449932
7.69447200913614,1.9023929838951332,2.197856943468586
7.69410970242627,1.911683588589126,2.197896698986327
7.694080348095344,1.9226025799098914,2.1990009968507707
7.691549337868332,1.929589592746653,2.200394681336921
7.688414612718147,1.938964014478969,2.2030292214350715
7.687741002591531,1.9436982380802474,2.2040354367738226
7.687116039711729,1.9501136707765825,2.2054748138797593
7.687013209073047,1.9565830700591065,2.2073844000285407
7.6850030499152915,1.9606110963946815,2.2102085365618827
7.68425801871939,1.9691121814927226,2.2121862533163967
7.683147613869681,1.97111043657073,2.2144365539327833
7.681363610303883,1.9801351545670884,2.2156548287350777
7.680191029054246,1.9882778176216518,2.2171935497507924
7.678754910373771,1.995118173769553,2.2184446138980123
7.678446709600546,2.0023609090073484,2.221049854017706
7.6754096582879265,2.0030943587795003,2.222536617145103
7.674945001396744,2.0076498224912815,2.2237262157925284
7.673541535543352,2.013803529755006,2.2239838933539344
7.672162280743769,2.021073375112688,2.22639429747485
7.670750434840784,2.0273758609351655,2.2290311984041775
7.6701099999452955,2.037785592771421,2.2300369370402415
7.669856466013319,2.037890446695785,2.2312085596449456
7.668309180078573,2.038971017259468,2.2313107343675527
7.665858137435679,2.04268892534142,2.2323476845934485
7.66463710170134,2.0540402481003817,2.234223379190175
7.663553007205835,2.063957045030466,2.2369021238415363
7.6605120834987295,2.0701429934804105,2.2370576240963396
7.659144440450925,2.077128982409065,2.2390733731848114
7.657191674857312,2.0820335406091663,2.240822557005761
7.656938767326394,2.0830338463928486,2.2421325786024133
7.655262115630271,2.0920276067802366,2.2450353174750552
7.655093155145897,2.1008720931133724,2.2462044373484105
7.653632693120648,2.1118054314181007,2.2474349711056907
7.6511318164297295,2.119351284385306,2.2488190231602383
7.649139271590919,2.1213671080297964,2.251688730421401
7.648327205081984,2.1233029316907945,2.2536667769955487
7.64781099089151,2.1264262412379322,2.253748147758614
7.647042069539581,2.136543265215489,2.2553612893698505
7.644853975136233,2.144747704698685,2.25727644489291
7.641880074147119,2.1525113120960744,2.258204620360436
7.640995019295496,2.1624392493246067,2.258352479153223
7.639548593353169,2.1652179933485414,2.2603833343836266
7.638357699956489,2.176238282147495,2.260628270470117
7.636239510850738,2.186730483259035,2.263046658037787
7.633532089350623,2.1971285717933813,2.2651532911827275
7.631524947780189,2.207022819429663,2.265665845660803
7.629967622402794,2.2157567437229018,2.2658061297994494
7.627805035692482,2.2208611517925267,2.2684904167236133
7.626193083787509,2.225145320877513,2.268646093741771
7.6235674934930335,2.225871326063635,2.269598084280449
7.621129877115571,2.2372108379082087,2.2724592789614437
7.619056951682428,2.2421537925213952,2.273255230021703
7.616749214711216,2.2534415006489796,2.274444644453926
7.615353420624939,2.2544060124187166,2.2758147207214927
7.615252206977119,2.2590292497067184,2.2786784344450073
7.61461704697276,2.268839131853217,2.280749033847042
7.613442599898068,2.2769494165297486,2.281538819148554
7.613146763153359,2.285042828477213,2.282870393329658
7.612965504427155,2.289068460870134,2.282965817723208
7.612017812691705,2.293150995070823,2.2833427091382075
7.610547530734908,2.3030473054779472,2.2853769448183816
7.609335047687549,2.306669238918549,2.285736526155362
7.6092682222377315,2.313807008202725,2.28848866491315
7.608041028818012,2.318852112555026,2.290536974170002
7.607636435623905,2.319384017092653,2.291749726686486
7.606766778938954,2.3253587378001868,2.292804605145931
7.605314574492489,2.332616005297118,2.294661946111738
7.603932365196799,2.3424432063432903,2.297615322081913
7.603202476347199,2.3507386652456184,2.298374657869698
7.602056539959219,2.359492861916291,2.2986077945392243
7.5998258886852925,2.3613001816529122,2.3006400595624488
7.598651306435293,2.368746220483556,2.3008118039173713
7.596067913829823,2.378744489003726,2.302321881025249
7.594535558878226,2.3894011855519293,2.305019727938614
7.594297365083508,2.3955904238104138,2.305627103792692
7.594274702136537,2.396505566658679,2.3063493969435713
7.592438373479916,2.4031556961373424,2.308845685563301
7.590567596181863,2.411359755016387,2.3111571919012204
7.588733119832827,2.415631022990584,2.312408707614602
7.586604746820317,2.4232092209542833,2.3124776210134432
7.584045226367015,2.431285520642701,2.315383110263938
7.582523650134748,2.4410741318523486,2.3162682249618727
7.5803421654720005,2.4445975031022047,2.316658798656409
7.579663192515333,2.4491743072474863,2.3167549996237162
7.578079997973398,2.457314770620739,2.318825049822684
7.575136067507235,2.4683884867210457,2.320967176357292
7.573996398459965,2.4747525208926118,2.3222019697933733
7.572174780038585,2.478294614895865,2.324743954045381
7.569755384926671,2.486312191994195,2.325548838668839
7.568076284265207,2.496755381817936,2.3271028152486206
7.566105242305666,2.5019300490579335,2.3284065986598455
7.565841201935627,2.5110638267313736,2.329228018873555
7.564201321597432,2.52180326161446,2.330398600417093
7.561343803671155,2.5286548822843784,2.3311433114936224
7.560276998197168,2.5315980547651096,2.3337322189914853
7.558520673852261,2.5413808882586832,2.336544525448604
7.557697730117986,2.552196876623446,2.3371061878650274
7.554823367572113,2.5561722857575986,2.339356981544026
7.552805618580333,2.5569317897088863,2.341178615348916
7.552156454658399,2.557188670997096,2.3441644398722654
7.5519689883164105,2.5613824706789816,2.344309269301304
7.549503552504233,2.5685471574924783,2.346564836312886
7.547876269839494,2.5699446782682136,2.3490915931141316
7.546568078988938,2.5808837686161867,2.350234351059753
7.544477851792715,2.5818031219407973,2.3517633688977524
7.541769214900679,2.592408896313123,2.354320005270218
7.541383591931276,2.601319537148905,2.357078768970718
7.538682256241682,2.6064833950287105,2.359548900554497
7.536234397023257,2.607225632411498,2.3618966948225633
7.535395680822581,2.608142930759248,2.3641890728104697
7.533200666656623,2.612507756371981,2.3662803985768126
7.5324789416243805,2.616145274863706,2.369268200252111
7.5309040884301055,2.6169313296333208,2.3710157323986794
7.5292924407599955,2.625139512681926,2.3737962884141663
7.527520039917897,2.632223758423077,2.375131708586248
7.527345108117156,2.6404768756570047,2.3769994199002045
7.524714275833627,2.6460666201065806,2.3798866700764623
7.521726248935554,2.654506406420739,2.3801017347545543
7.5197810544621175,2.660155674618567,2.3810009627873026
7.518199149305042,2.663113399906278,2.383420300603343
7.515760009496646,2.663148528362561,2.3835701012081913
7.513921531987784,2.674177703351926,2.385275376853189
7.513049811550186,2.6819196996196446,2.385553446556681
7.510134899072064,2.689442189778385,2.3866046857957564
7.510130247527958,2.6954829921548313,2.387258830593753
7.508977806876949,2.7040897374724424,2.3888459760888385
7.505970596511791,2.714597307341937,2.3909377901200495
7.5035837858788215,2.7179112984184735,2.3938685030941445
7.501037433060926,2.72633308439712,2.3964926027793387
7.499047123565293,2.731797143078541,2.397014668878694
7.4965969187210435,2.742189124885984,2.3994348074613523
7.496372063260393,2.7503167137592768,2.400822301222013
7.496282809150907,2.7616071175855486,2.403266392947367
7.493136763694341,2.764772848229972,2.4051535741340433
7.491246581767854,2.7677401290376267,2.4062752596730594
7.490382464170935,2.772162222322398,2.406487603810983
7.488801681859972,2.7767653116390516,2.4086740267937614
7.488546381064274,2.7854669666433898,2.4110555041248047
7.486047129227841,2.787897351329174,2.412694565592366
7.483705486307569,2.791622573653526,2.414028175455364
7.481869137263384,2.7943966519666295,2.415314330098344
7.479707510340038,2.79725406484499,2.416227234244248
7.47767945884385,2.7978087200052264,2.4165555824283453
7.476405333307611,2.8052441941971464,2.4193304413940595
7.473291275352848,2.810487475345356,2.419754069544027
7.472689700101359,2.8208933347502487,2.422365649423291
7.469875166367171,2.8274189766041093,2.4224233403443285
7.4682508535878345,2.8361903918509386,2.4243102900221114
7.467032993236991,2.8366398519011162,2.425600226874464
7.465681729279838,2.8409849640566285,2.426624897905894
7.462887918851003,2.8415362906131243,2.4286240407283666
7.459754746333933,2.8508997147849975,2.4307339174346674
7.456743817492263,2.8602602725315363,2.433407341465207
7.456137606966864,2.8621589570053056,2.4359783394681345
7.4547641226832235,2.8629154887113106,2.4388286308504568
7.4528015695109655,2.870514404494941,2.4388804794873273
7.4500136240586885,2.8794391037836764,2.4391059939382087
7.4495004336338155,2.8842779553871627,2.4393047728380672
7.44658076789455,2.894588802922256,2.439982077811991
7.446087451489359,2.9054962565310816,2.4415188027629964
7.4454662414574795,2.9166866297513603,2.4416344205066873
7.443049375048312,2.9213538501675425,2.4440241438767325
7.442329825526613,2.9216852252560095,2.4451467270178138
7.440986116894358,2.924931664634587,2.4453157365832805
7.440014308785337,2.931610603943785,2.4458317327606443
7.437062316129128,2.937003639011609,2.4470729084690537
7.4343842371506605,2.9401623135325625,2.4475993876759357
7.432417863963825,2.941097487553327,2.4501317042923882
7.429955912036453,2.950185864741298,2.4504195134119002
7.4280708686793515,2.953982376129943,2.4507300786062003
7.425009132660208,2.959816225530995,2.453154219255211
7.422460481098547,2.966376559047916,2.455665945837754
7.420942228284751,2.970908610231947,2.457203120573721
7.41843413537994,2.980688997782087,2.4575829165906393
7.417510243968484,2.98355977718355,2.4596015083358234
7.415926608014089,2.9842306541659434,2.4616687981037515
7.414982641180375,2.984310102136252,2.462747289663109
7.4145094497543,2.9870507543754043,2.4639365934766952
7.412661005119936,2.988940663438489,2.466448473438322
7.411434850775078,2.990776762590236,2.4694076267820013
7.40924754982274,2.9951350652235798,2.470550310359753
7.406827572913105,3.0024758667914018,2.4719280660371363
7.405076692533381,3.004700201861863,2.4737474721751473
7.402757514882998,3.0141579627113817,2.474545329877781
7.4010563622733345,3.0182074042072,2.475124882100926
7.399809496199212,3.0267550080397316,2.4756627295640925
7.398498035607235,3.0358863040276507,2.4777954638593056
7.397140613343925,3.043473707878223,2.47883480873328
7.39482580645204,3.051841081714066,2.4807030160076247
7.39192488345369,3.0620262005023857,2.483154875835857
7.390638378977448,3.0676880452527318,2.4857694909547825
7.390467352035745,3.0710575395300377,2.4883471270089195
7.390459570826412,3.078017616402323,2.490463540056769
7.388127045535357,3.082752714522449,2.493377008819536
7.385411206780332,3.09263054299599,2.4962943080315942
7.384140883088437,3.1001791279772735,2.4971890038020343
7.381267698163079,3.1103664220061344,2.4986237435457843
7.380665460919565,3.1120192817592267,2.5002423131493083
7.380196887958881,3.1209001209121423,2.50301180625761
7.379308689690198,3.130645625340072,2.505045775083221
7.378113378296302,3.1331602260916487,2.5054514577387894
7.376616165337598,3.141036195435312,2.505900207515848
7.374595413203409,3.148366237078228,2.5067371568346406
7.37420095685065,3.1526980228207564,2.509268761250352
7.371767401750563,3.1622976549889015,2.5122389026594933
7.37161780525263,3.163979289970704,2.5138310637070322
7.369848174070279,3.1645381006752435,2.5164509618780424
7.368077825713564,3.1718761849974815,2.5165677065059815
7.365200475992801,3.1830342207133677,2.5194516860204175
7.364683694789976,3.192104267085159,2.5223727530818945
7.3645607929147365,3.1943131987171456,2.524026560780059
7.3636288844481665,3.195557490737198,2.5251868566458517
7.363215195701774,3.206885707214482,2.5263084690990003
7.3624123079725035,3.2115133757348353,2.5267066815959303
7.360025591084462,3.2133329700940823,2.52766646651671
7.35961552739765,3.2214459493745613,2.529358130915726
7.359610297631894,3.225689115534016,2.5297177938398114
7.35895684020136,3.230037613574617,2.5299589243951477
7.357061176754292,3.2342743285997155,2.530511772001234
7.353988571199287,3.2428034709104736,2.5306359442701316
7.353791120854581,3.2503337098621703,2.532012034520862
7.351491379723035,3.2510548457051534,2.534195768720118
7.348598771036702,3.2589862465965207,2.5369985882032644
7.346121215021794,3.2610970844709897,2.5394928285966776
7.343025047770093,3.2694761518347653,2.5423595220256243
7.342681048312732,3.2806533962604534,2.5447274032118417
7.342250223599023,3.2851163516603967,2.5470944306683365
7.3394227566612384,3.296345418268398,2.5477724314028825
7.338842491877786,3.304795262998845,2.5479958805887613
7.338492628627259,3.3141771720425206,2.5495806775187666
7.335988838216279,3.3240624815785855,2.5502059842461713
7.333812322364574,3.3241329051531965,2.552569819045483
7.333029105123668,3.3281740218131346,2.5544138867018193
7.331975173885565,3.3342284787378436,2.5548425358444926
7.329433838526927,3.3417562670999845,2.5569369134639057
7.326440547258565,3.350505524184776,2.5592768418524865
7.325261608769971,3.3521661583503857,2.561730102488586
7.322322388757408,3.3621952986282975,2.5625550062523335
7.320949330830542,3.3702989143876043,2.562703220186197
7.320448132428669,3.381525104525965,2.564583582675035
7.31751047613314,3.3894388141492033,2.566546856946613
7.3163784777363645,3.394530211257511,2.5693724532780164
7.3151735984687125,3.39908438802511,2.571872283261077
7.312135820851038,3.40827988447756,2.5741323793418016
7.310407183682151,3.410749129434922,2.5751946794496865
7.310216633770615,3.4210712656979156,2.5760026694394194
7.309971555479526,3.4215191380152485,2.578563797173265
7.307807622678879,3.428593833024491,2.579158166099213
7.307465126383725,3.4295156908051143,2.5813749622263202
7.305978911517484,3.432793902680128,2.584236060045152
7.305290127058259,3.4438598827604734,2.5851558820210183
7.3031433472219955,3.4512579708177493,2.586369279590997
7.300273474089711,3.4516591481454006,2.5885196222825297
7.298474217764354,3.4609699035186234,2.58932213213197
7.295498702680195,3.467273711946894,2.5912940744279593
7.293556862992682,3.468771195772996,2.5917098781478023
7.291010855390612,3.4784986464962584,2.5936863191803226
7.288588293430114,3.480451990782269,2.5939013494991734
7.286632064721117,3.4891852841815134,2.5951608034329325
7.283984945477731,3.4991948290060546,2.5973504249588206
7.281018130002448,3.5078170685004424,2.598342222963736
7.278445999744175,3.5099399836443763,2.599234120910318
7.276882289370351,3.51187462795883,2.5995959646911637
7.276482625344332,3.5212135295877633,2.6018284872930444
7.276153789730876,3.5278847764992123,2.6031103357813064
7.274165910762553,3.529208361297334,2.6037913191516577
7.27170852985463,3.529501517944802,2.605807687031288
7.271350390950182,3.533374528782021,2.6069200099266667
7.2703072712408146,3.538088892191035,2.6083512282012657
7.269557284868614,3.540601134876253,2.609591273742296
7.267086236195266,3.5513256090382486,2.6115199241920815
7.264607722612307,3.5614212004509556,2.612895431132021
7.263960201393222,3.5664393769272196,2.615880086984773
7.263615508789803,3.576290657991865,2.6162266033701798
7.261938202643674,3.5798389353097986,2.617309020106884
7.25934401389547,3.5855326698038374,2.618057651171655
7.257458624015971,3.5886202096349096,2.619016832044229
7.254483580873252,3.5984037380380642,2.6203136536664244
7.254394735231842,3.59930892413967,2.6220778480326596
7.253993934270369,3.6050834078188725,2.6229331981806103
7.252152825638275,3.6116944330673997,2.623929636624496
7.249797654567784,3.6146068058981538,2.6266949845045096
7.248330075356549,3.624820439020312,2.62946351573039
7.245543301020853,3.627821246591092,2.630141813602832
7.242617901598765,3.6356646086043454,2.63064617383838
7.240417657659188,3.639833597785578,2.631942697115625
7.237637750323476,3.6509631169687866,2.633189680244514
7.235309249951438,3.6544581340976596,2.6353467175080327
7.2331136545123,3.6549218360781888,2.6367815638835084
7.23047494028073,3.65704955739274,2.6369135189037185
7.229854217076045,3.658793424595982,2.6374546954097164
7.228533493145924,3.665046125873229,2.6403029696367377
7.226353921927683,3.675524366202513,2.642738117170485
7.226321739854332,3.6851675314115613,2.643121866476706
7.226232571166774,3.691981080512096,2.644476857804622
7.225124290340984,3.699828591183252,2.645911116975605
7.2239977036328336,3.7018404610576154,2.646323695731305
7.221505960783049,3.7121153395672035,2.6488591952462426
7.220416628855349,3.7183635485123983,2.649741587363718
7.220190402326142,3.723844094600557,2.652100970673711
7.217041377152848,3.7324012690550226,2.65503715491481
7.2163359900838335,3.737942117863464,2.6565135221166263
7.215286827818968,3.7382875472147994,2.659376731043365
7.214507029074041,3.7467119599751024,2.6603289621093777
7.214362622085618,3.747054658332901,2.662053580597823
7.213867703416426,3.757691909442214,2.664799147718003
7.213541078458186,3.763037959470082,2.665799875834204
7.2131967735884,3.7680310302008015,2.668354132442475
7.210092540593091,3.7734241522025562,2.669452471300439
7.207416291133997,3.7841047914831143,2.6706694627462793
7.205716159261902,3.7886161958192357,2.6730201427512688
7.204236515716702,3.7964071119073033,2.6754529304569616
7.202582507932369,3.8020247055353535,2.67561290125059
7.200455760070082,3.803060662226274,2.675709113699655
7.198177083014198,3.8069819489263512,2.6770385029340558
7.196524925895518,3.807818059024205,2.67838934383402
7.196394839787833,3.8112021706340524,2.6794602521639357
7.194577531273817,3.8214606261112376,2.6823594118691325
7.193174102539268,3.829460874839085,2.6845755778827525
7.191751387351843,3.836572452115611,2.6864638854557343
7.1905199906339705,3.843390999147626,2.688127681281479
7.188168127263265,3.8539309677652804,2.6898015957676873
7.187302091286881,3.8594068117866214,2.691275772565112
7.186537260477593,3.862224121273964,2.6924547993615393
7.184161723387987,3.8714939632319756,2.693100945188078
7.183613016051332,3.8716199210653457,2.6949125156069567
7.180679915275172,3.8716685416495604,2.6972179247838204
7.178789906002202,3.875475566735092,2.6998851051414046
7.176231580760394,3.885751529314674,2.7019297897123637
7.17614529248835,3.8968504439041043,2.7023416520867167
7.173392640137858,3.8982113644369085,2.7039950228177085
7.172428416686572,3.905504142759724,2.706424925268994
7.171471969644083,3.9168076083016623,2.7092913518353585
7.170502448394042,3.9230704963445517,2.7108107768597915
7.167509397228287,3.933218112327549,2.7123919546043873
7.167329346760843,3.9342116880680176,2.713569908708428
7.165223526595291,3.944907862154056,2.716475858975676
7.164481202579754,3.9527234702355667,2.7167719190853745
7.161408957125788,3.9553318995037694,2.7196755001788446
7.1604855865785915,3.9619189818616114,2.722338066754933
7.15797021192486,3.9727112048334696,2.7241148886678292
7.156891773748504,3.9760439724741112,2.725113936341232
7.156594023092951,3.981794189783042,2.7275222340796272
7.156188161984425,3.989248833343728,2.728535994315416
7.154873619603608,3.99556714108444,2.728626965761567
7.153419308280144,4.001067220759088,2.7295538568123017
7.150293856778935,4.00436551486578,2.731366183760224
7.147449435358501,4.009675683341474,2.7334983532112793
7.145853541039471,4.013467713957713,2.733503548451788
7.145290350779881,4.018078196574881,2.7361111419514104
7.145143584463608,4.027064262780259,2.738602642906463
7.142606190587464,4.02956364070273,2.740705802284197
7.142516153740412,4.040710621901479,2.741946054427756
7.140426480240972,4.044681200315196,2.744643277226168
7.139011859231235,4.047714627575858,2.747017547781902
7.1389418955676245,4.053821947084343,2.748809172971155
7.137053666714806,4.061885539179894,2.750296574558417
7.135853647758473,4.071113193791921,2.752126643615042
7.1330259926418,4.0815299604069075,2.7532796419394896
7.131636864979759,4.082397860965843,2.755395155447685
7.13149141758523,4.0919347405029,2.756961002887862
7.130121472058014,4.092431450761554,2.7583028476453113
7.128914873000959,4.099430713176606,2.761132836285388
7.12581288497863,4.108841700665098,2.7637871283310464
7.12426079975467,4.1107128100542605,2.7640004709490653
7.122492103390321,4.1194575217458675,2.7665555310789
7.120520380835249,4.123183147313068,2.7692961483866556
7.1190893561144275,4.128413403808675,2.7699484199473674
7.118580150484154,4.13631021212012,2.772483294205788
7.1173307865305215,4.137973633450828,2.7748129560807686
7.116826920449816,4.138360532934722,2.777638922328897
7.114523794321722,4.147764339006171,2.7788510083959954
7.114472145380054,4.150886465821694,2.7804582719529614
7.111707316530479,4.151798461014033,2.7833435893950775
7.10891867409691,4.152673658805158,2.783767486806968
7.108899769212746,4.158676156957253,2.783877283531488
7.107460132462726,4.158824302772772,2.7856969928223987
7.10688184068048,4.1692005213098495,2.787073001987239
7.104526294469027,4.174718662491936,2.7885614675247066
7.102705740413049,4.184719143007392,2.7887452528772885
7.100253333724518,4.189850638009967,2.791555644115314
7.098862294451385,4.1990690220565865,2.792660454286984
7.0979263910246315,4.2058175456700555,2.793298825175833
7.095217410402753,4.216745491002092,2.7940315309269868
7.093549362739348,4.227161122616674,2.795144067310121
7.092908289498191,4.228141184278118,2.795655997404395
7.090762106428653,4.2380933639898,2.796920142157091
7.089307935561404,4.24286933418249,2.7972531949172925
7.088931207360239,4.249500678732151,2.799162590177025
7.085935507821739,4.2517499387072295,2.7992329109107037
7.0858333277450845,4.2565670720323245,2.7996976213905858
7.082992972722552,4.263347471146004,2.8014739093671333
7.081593382716487,4.274278468945955,2.802538160039132
7.079230407752513,4.27653054441051,2.80353853192842
7.076135870246329,4.278809269637274,2.8060498923366146
7.075778043057775,4.27951052100499,2.8063333513999047
7.074732075255561,4.283991788910236,2.807289100784974
7.072613762467227,4.291730546811441,2.810261578285069
7.070302019416947,4.296610175510362,2.8103821046174065
7.069421713211636,4.2971248365405605,2.8109493279575877
7.066479954787032,4.299906448511233,2.811737706603504
7.063376667781702,4.30426240851832,2.8117757717101597
7.062005477518804,4.304527074193531,2.8122861813671474
7.058902001401919,4.308121603878287,2.8130827210098004
7.057074460597735,4.312174716083661,2.814461051769426
7.0542257253709035,4.3202292315392015,2.816387980526938
7.05365029159565,4.321817346007911,2.818946440537697
7.0514349621209504,4.3282914307225475,2.820545762672594
7.050728131228383,4.336318580275208,2.8218286893594917
7.049938137650234,4.3381237531098735,2.8232129794607026
7.04893189531316,4.349048066142123,2.8262119499133496
7.047206476330513,4.356843647420129,2.8281441899397337
7.045239250980151,4.3569224513514975,2.829807544503012
7.044052281801179,4.357302226033319,2.8307581328144167
7.041497828168927,4.36795693060135,2.8316965592275376
7.0385303075500145,4.377961558687003,2.8320628334934383
7.036504496465858,4.381259373001545,2.8349213529451425
7.033843455957177,4.386175457777702,2.8362558323916196
7.032273003330573,4.397449442134212,2.8386359926664384
7.0307052160682275,4.399606037288338,2.8391463018153544
7.029237316676432,4.409117681450703,2.840704473598038
7.02764085589913,4.419681156723312,2.842057291106709
7.025289272215609,4.42970628324823,2.8431459320613945
7.023985224396359,4.441014888656717,2.8451804883075056
7.023149927979285,4.451942746481731,2.8478828870826534
7.021977733180546,4.462188897525552,2.8483141684337467
7.01974034169922,4.4680875133316995,2.8505045211678137
7.018687430848779,4.478290567172063,2.850920364882671
7.015643995667366,4.488359871361005,2.8521466635757258
7.0127116370759905,4.492122698326145,2.8547084610522635
7.01116513409792,4.492146558292512,2.8566830464167228
7.010939750597642,4.4959320053111265,2.859535155611109
7.0106754512004485,4.505319905372266,2.862190954262167
