2.7999779741360036,1.5516444888518086,0.5033712833844889
2.799922978628466,1.5519074484511022,0.5051717548918916
2.7998858145747363,1.5526865240413137,0.5084632637608218
2.7998113138311638,1.5555221936554904,0.5146752975625918
2.799738983018653,1.5573028743019832,0.520951503146918
2.799682666687845,1.5588674060818946,0.5278640063969217
2.7995980288907703,1.5605775317409247,0.5327848932877068
2.7995420922054044,1.5610324787075498,0.5357116577845523
2.7994582378370745,1.561558413147716,0.5395566635909111
2.7994333354767753,1.5632377961151431,0.5399837658215163
2.799394658569795,1.5643283053434711,0.546473384150921
2.7993203993989577,1.5661482853547117,0.5474935190077735
2.7992335096087704,1.5677004333771647,0.5521455719703167
2.7991998922855763,1.5689594901202577,0.5592749674674742
2.7991100960454496,1.5710218929993927,0.5631473459434716
2.799036449551222,1.5718137995761523,0.5694351764931394
2.798963022569198,1.5722251040333532,0.5748113255076044
2.7989080560278166,1.5726545027113406,0.5805004020137129
2.798837887449885,1.5736353627328772,0.5846968362357493
2.7988344909863425,1.5765068086209735,0.5888032961702457
2.7987698437462885,1.5771864979059662,0.5945648292556527
2.798699285891213,1.579158973120816,0.5947036623691984
2.798664455426076,1.5791852167077516,0.596688335748176
2.798633957256176,1.5793758053143472,0.6026651079252975
2.798613341977235,1.5822800653837428,0.605313201333214
2.7985446475925784,1.5831504221060044,0.6103530619718592
2.798475949474194,1.585913062326469,0.6159491636754355
2.7983891583437326,1.5867744831989108,0.6183472125577073
2.7983303568727673,1.5889757440499017,0.6213370526191567
2.7983031020082114,1.589429014200597,0.6259802286718091
2.798218040362807,1.5921239923090411,0.6285024538125513
2.798144300471884,1.592513182164963,0.6301452719880486
2.7980748624936735,1.5927567818196253,0.6371257165337995
2.797994334671406,1.5948095322855844,0.6439528529406984
2.7979280912230284,1.5964724108394803,0.6444015680144847
2.7978780983587006,1.5994380879720844,0.6503415999834247
2.7977976383899006,1.600419364449738,0.6511434571940061
2.797733965172074,1.6015002291552654,0.6539073501807096
2.7976473364297263,1.6039923085400225,0.657635251566137
2.7975926362051493,1.604927883704288,0.6633512578117746
2.7975228913971586,1.607003287640385,0.6661755713510857
2.7974497005370815,1.6081095869270197,0.6733362883982439
2.7974234025098093,1.6097594233581092,0.6804605879611318
2.797354184713981,1.610288944390331,0.6831951225515918
2.7973275884614615,1.6120411732183952,0.6897158547360984
2.797298937532069,1.6135757992705273,0.6956776468014901
2.7972392573609723,1.6160808075892283,0.698376234183507
2.797234723925515,1.6185043456164168,0.7054790579956424
2.797182304508328,1.6198732829652558,0.7100412453450136
2.7971302225600074,1.621837651324421,0.7168613049814081
2.797079169581444,1.6245984196337662,0.7196969411103322
2.797066695461234,1.6254965318726553,0.7253512352586009
2.797064563882929,1.6268026930271722,0.7316935249270821
2.7970589281090485,1.6290341000512045,0.7347780921675483
2.797004047033012,1.6313795238265374,0.7418762515766858
2.7969782580501885,1.6314598855050724,0.74405314779866
2.7969375400292718,1.6330118761600532,0.745241667783986
2.7968765282593453,1.6333257361437323,0.7509850462102852
2.7968276904695264,1.6349594576798918,0.7533668305482039
2.7967640017283433,1.6349906066728463,0.7553811386605551
2.796749165037964,1.637196460249106,0.7568117864607367
2.7967407774873503,1.6397900995715489,0.7600319864878596
2.796713472604852,1.6423191522861496,0.7648127204029245
2.7967005674988927,1.6449597228460517,0.7718224982989063
2.796634503255079,1.6471086213486839,0.7770505496463365
2.79659358179301,1.6481772233120797,0.7792625730415579
2.796536564459277,1.648520809325577,0.7831954903095836
2.7965139029939783,1.650180870035147,0.786266135169274
2.7964718102235873,1.6513022703180555,0.790921221967942
2.7964452426052646,1.6526013418247463,0.7953389261230395
2.7963890426458433,1.6538907065437964,0.7970614676558453
2.7963286292769727,1.655064099678926,0.8028964522825628
2.7963139821578045,1.6573274141087853,0.8073273349551093
2.796280893424256,1.6582409763729444,0.80899034641185
2.796247073597238,1.659470429683769,0.8112635665405075
2.796227307974988,1.662005425687638,0.8131703397887666
2.7962170124122694,1.6649452168797567,0.8138533795581543
2.796208184714778,1.6653880538977395,0.8197074786814489
2.796118817617903,1.6676988198944644,0.8255038684730809
2.796097583042877,1.668635514125234,0.8323057661341628
2.796047349800323,1.670805527271203,0.8323649480215684
2.7960061648134347,1.6729557009478833,0.8390494601340769
2.795930136789272,1.67461682002822,0.8440041425462657
2.795900601261226,1.6760519582064337,0.8493042004781337
2.7958772437609327,1.6784286051241004,0.852017710906334
2.79585077938499,1.680592648422945,0.8567386227589243
2.795821042234661,1.683562937064844,0.8598683770978259
2.7957435800714237,1.6849124043020212,0.8651409288207434
2.795700265943759,1.6860194770413086,0.8693326989698175
2.7956677923064643,1.6885888771975952,0.8700535649873883
2.795612495798383,1.688605853235564,0.8720530316880976
2.7955633942474316,1.6908736749218902,0.8733998532968362
2.795513437761352,1.6924903303115093,0.8785460123532115
2.79544800771712,1.6936258586012787,0.8829760936778007
2.7954167233676532,1.6954252314486011,0.8878553750130223
2.7953599473076554,1.6971167846824917,0.8932675532024995
2.79529833279578,1.6996923390283039,0.90006434913062
2.795271426624941,1.7019736210549972,0.9024592983785104
2.7952356479695895,1.702400905512602,0.9037364542862591
2.7951834022410718,1.7034565897589962,0.9046266947447021
2.795116616347172,1.7050550313386608,0.9066095293633133
2.795052370015397,1.7068582240811823,0.9096065318924861
2.795021230259615,1.7075374379226242,0.9156142938490575
2.795008911228177,1.707861224102555,0.9201889631004457
2.794986127143375,1.7092639343924663,0.9216782886971747
2.794937691687458,1.7113389559055494,0.9243495282279561
2.794874668288727,1.7138274955879904,0.9254394621108417
2.7948145736068746,1.7157290875938838,0.9280869751881186
2.7947792516558105,1.7161688458549516,0.931933702812213
2.7946957704224427,1.7180341917136697,0.9390365819035377
2.794650577770217,1.718632229828703,0.9394688777915048
2.7945833274340868,1.7205704682461034,0.9455912181927764
2.7945600596867752,1.7233027095811824,0.9481501986963984
2.7944818862266563,1.7242091037898417,0.9485449047472831
2.7944081020292195,1.7270629741474908,0.9551388923433352
2.794349867512605,1.7279668952209744,0.9609712633338026
2.7943338777906357,1.7281019806250577,0.9657048640760268
2.7942770496965705,1.728334080998267,0.9662689862182435
2.7942466791264002,1.7284440659544524,0.9732023310457625
2.794206952688364,1.728494730870336,0.9787850061935938
2.7941843314490074,1.7300821580519854,0.9857275728543666
2.7941401457486155,1.7315233004617299,0.988947202194008
2.7940529724228305,1.73219869967734,0.995952178899856
2.793989012386818,1.7342568109202199,0.998539929232121
2.7939881028489335,1.7366489794543603,0.9991912185045544
2.7939092756547828,1.7394824004091103,0.9997316937824907
2.793843154493432,1.7413494163014778,1.0002714057351292
2.7938301665050735,1.7433506768927423,1.00113503204663
2.7937545620228565,1.7446645037330306,1.0044133596219313
2.793671946850692,1.7458778932663817,1.0090441357179485
2.7936363102997173,1.7475840977884434,1.0091981911220944
2.7936302311675383,1.7489212646317365,1.0144887338617854
2.7936048344464943,1.7514385990032917,1.020165707985641
2.79352798387112,1.7539937214148933,1.0256756174730826
2.7934492877976194,1.7552430150420484,1.0304520764130418
2.793401372067614,1.7563364414766651,1.031571857575535
2.793320354825557,1.757196144878589,1.0358049594266396
2.793298550378359,1.7581410226540368,1.0361975458306811
2.793257202567307,1.7596620735765804,1.0370744427200707
2.793199728601667,1.7602693288258389,1.0408220422572894
2.7931736389096797,1.7603924961668154,1.0421347694542806
2.7931575895679934,1.7615391362142725,1.0437004409997765
2.7931474771402893,1.7620754710448927,1.0501814457374512
2.7930833259312187,1.7642720299840924,1.0516313513774487
2.793068039199097,1.766661261452507,1.0550788780848928
2.793056679584803,1.7680238449788754,1.061139129547951
2.7930391371684244,1.7708422615331127,1.0639262792188795
2.792975539422154,1.7737354614456498,1.0661996211616185
2.7928907589936247,1.776290800883584,1.071009448333806
2.7928679382299197,1.77797170266457,1.0769938405346116
2.7928477976453854,1.7807163770661558,1.0836330287008613
2.79279401862241,1.7811093972495922,1.084425233569149
2.792762503048376,1.7825230754339039,1.0875630777783087
2.7927256380919556,1.782796546394291,1.0889056525935428
2.7926543760019764,1.7828513104575954,1.095097245025134
2.7926512758902873,1.7842362471070854,1.1004659639853593
2.7925810840099277,1.7848156520631575,1.104359291844957
2.792533299590667,1.7872016157915376,1.1070973641268702
2.7924786750741513,1.790075846550091,1.111956460762703
2.79246818984244,1.7928257860465315,1.112048467832867
2.7923982905741966,1.7940475516400387,1.1149719577783463
2.79233296622446,1.794986205177915,1.118744162121617
2.792274752541591,1.7959779300065175,1.123858639006439
2.7922486607292276,1.7975597481794123,1.1243494617197545
2.7922176202056357,1.8001830410209174,1.130425161041188
2.7921472983228957,1.802963837436306,1.132964753847195
2.7921201188285028,1.8031452721943708,1.1373970610367485
2.7920724535425943,1.8052457845952654,1.1439274041693064
2.7919940135538153,1.8053711240699464,1.1477275425471376
2.791922239411458,1.8071562989672312,1.1530496381931705
2.791920279964719,1.8080483512259782,1.1535750489984293
2.7918784906251033,1.8086912531305712,1.1607687039638914
2.7918447962693205,1.8104298655465576,1.1634954058008837
2.791837325235788,1.811428363666619,1.165617888849985
2.7917811554886143,1.8134093759615142,1.169912183146444
2.7917238170308774,1.816225289128364,1.1709102489844252
2.791654056760124,1.8181221218592796,1.1710140963688365
2.791614348106336,1.8192535779159682,1.1744554907318276
2.7915514153959524,1.8219932601449007,1.1792902435307777
2.7914927123695965,1.8238120850402422,1.1803736141347643
2.791484931243887,1.8242978026057077,1.1823823346329274
2.791447293797645,1.8246536930471133,1.1873380351974125
2.7913849084997535,1.8271946057331168,1.189983161268897
2.791341627421074,1.8278041946190506,1.1941238822180429
2.791272428839401,1.8299904201624493,1.1957388086846195
2.7912277788641364,1.8325637947820788,1.1959987692335259
2.7911496694870044,1.8328888652442983,1.1997971138117987
2.791113067239144,1.8340721476623951,1.2032437574329375
2.7910518669425195,1.8360959610221577,1.2039826761683585
2.7909992739027714,1.83878445745089,1.2059503810099461
2.790946529771149,1.8411669709868956,1.206548466554493
2.7909276176209112,1.842421052209348,1.2132388226652517
2.7909105639908307,1.844395835455551,1.2192615051545628
2.790826502982434,1.846769286413811,1.2226539030852468
2.7908161564250187,1.849388899074851,1.2229522869837284
2.7907861819121624,1.8509940809556173,1.225987994630952
2.7907120728597357,1.8525043813486823,1.2319667430078642
2.790710344840519,1.853887279251488,1.2375702602924386
2.7906597992629982,1.854383521414345,1.2402862674047515
2.790648262199781,1.8570198753161136,1.2442949320711751
2.7906277013449388,1.8576136189546755,1.2508603699388683
2.7905855612434856,1.8586080661958606,1.2521177096957883
2.79052542659886,1.8614959676995273,1.2568525219029254
2.790480341793231,1.8625891249303415,1.258513875554356
2.7904186955575936,1.8626190733258439,1.2610083880810747
2.7903939268590183,1.8631730173147554,1.2666297054407565
2.7903248948154635,1.8646161028213917,1.2703458394882408
2.790304066314068,1.8675590245804645,1.2733935190057024
2.7902715759059955,1.8685195842915936,1.2799541060517161
2.7901826814704913,1.8685864805713066,1.2817270962674108
2.7901803741866544,1.8693823314258522,1.2818125197164285
2.7901557095578937,1.8698608437338275,1.285788545846149
2.7901035318701894,1.8717808154076707,1.290342306283829
2.7900656719559143,1.872030249887125,1.291525249917203
2.790007310982757,1.8720633138263285,1.2978976408146987
2.7899826324704926,1.8735245174892887,1.3035022829681737
2.7899682235403485,1.875108938402517,1.3043382865987454
2.7899156936469955,1.87759400127001,1.3080785092360028
2.7899153429804304,1.8794965405494217,1.3088619711457734
2.789828849687923,1.8816213217179845,1.3136884348874707
2.789780794226144,1.8825231324589375,1.31977342626761
2.7897750734878013,1.8845373497678939,1.326200954592776
2.789696619185201,1.8856369011251664,1.3298050712066412
2.789629974351464,1.8886041249261794,1.336560792799337
2.7895536569710147,1.8886211949486649,1.3368708260181885
2.7894702197886216,1.8899245732360848,1.342909497196055
2.789384710135214,1.8925007768868538,1.3469248176301976
2.7893032487783285,1.8933988288555361,1.350083845397449
2.789256981343399,1.8954172715848876,1.356258966021654
2.78924985934058,1.8976814160481115,1.3610085654519772
2.7892325124473722,1.8986970955025178,1.3619218739455006
2.7892270255727,1.8988736533980866,1.365853859282914
2.7891894587846613,1.9014109804073638,1.3688442657856543
2.7891814779653754,1.9020841420367707,1.3708281188785265
2.789142955989467,1.9038892519473445,1.3718050090137575
2.789067017424331,1.9067195507162096,1.3782340213940674
2.7889782620448043,1.9075654135997364,1.381033744126596
2.7889255335392713,1.9095345545909526,1.3834172970907355
2.788843782273319,1.9120792666526456,1.3891613712914097
2.788807588102713,1.9134292243165025,1.3925928783212562
2.7887861603800435,1.9147367497951147,1.3953480396084537
2.7887165725776195,1.9165939973280501,1.3971767474585874
2.7886834919972356,1.9179096293619777,1.4009652634333012
2.7886573998646322,1.9198861713078026,1.4013017456689936
2.7886080445091075,1.920411231168494,1.4079309226796597
2.788567168439643,1.9222472080083017,1.4150221716967002
2.7885375775695,1.924765291007701,1.4154923065677398
2.788458334431819,1.9247876143315898,1.415958794636402
2.7884494672996776,1.9275669812683924,1.419811649738889
2.7883603356219253,1.928812002899419,1.4242651174402055
2.7882993398826907,1.9300082500073963,1.4286182318622074
2.788235849682563,1.930534492705919,1.4302257205568079
2.788155318640905,1.932337572803237,1.4359259055750089
2.7881109520378415,1.9339352225432977,1.4388895282524183
2.7880833236865117,1.9345162607923327,1.441796227726754
2.788050927981476,1.9361194721796937,1.4482197355948705
2.787984189423739,1.9367950714714797,1.4529549062420317
2.7879079668047764,1.9396688566851006,1.4599225918830112
2.7878987017802492,1.9407390074068627,1.4621616196590381
2.7878875522922337,1.9416315188285251,1.4665870970087782
2.7878263759605546,1.9420480594512723,1.4669979343313608
2.7878201236955245,1.9435331281752162,1.4690996734827961
2.787774896192639,1.9446587491611842,1.475590353768482
2.787745504838543,1.9464325432987897,1.4787377079337312
2.787691387339159,1.9486657209018854,1.4800856327196055
2.7876162949356127,1.9505971865149596,1.480378851319523
2.787539848718258,1.9515456497534533,1.481679575056752
2.7874849076265096,1.9532821330785861,1.4837415460861294
2.7874063110846943,1.9534217699285235,1.4886606830387938
2.787350089880551,1.9535683485883182,1.4900687258052439
2.7872770748686637,1.9538887664094085,1.4936685574267135
2.7872063935431393,1.9551401359992437,1.4952005201992065
2.787180406387716,1.956496019702705,1.5017258182737099
2.787161676033588,1.9589370187666888,1.502693698447402
2.7871089474516757,1.9603458385691201,1.5072674979239646
2.787040465144751,1.9619368213522719,1.5094018723844553
2.787009340080045,1.9636623096789143,1.5134657426158207
2.786976159113992,1.9641325748860794,1.517719238741883
2.786900725176455,1.9642998174300221,1.5184071548989366
2.7868534506511504,1.9650831512827607,1.5204340235988814
2.7867995566081496,1.9680806529643087,1.52680340397056
2.786792646834116,1.9693025259629116,1.5287853717775681
2.786721651576116,1.9721600056073352,1.5304746501202002
2.7866653628864606,1.973631462767973,1.5331857291538018
2.7866561212921765,1.9754569604645853,1.534230141783683
2.786601115593337,1.9758982394258149,1.536307074231228
2.786536026800832,1.9764178155378962,1.5373032855424094
2.786454697575153,1.9776609018303855,1.5411894828749195
2.7864492962884015,1.9796993028428471,1.5465099126799784
2.7864244793343373,1.9797505251978345,1.5496495920312576
2.7863578298961227,1.9798947993722926,1.5525421316408623
2.7863081652184554,1.981131807341325,1.5547969984527752
2.7862199399139715,1.9833248683334084,1.5575435470316499
2.7861468167898673,1.9845575626764893,1.5588467537605493
2.786062920886897,1.9856976392408228,1.5592357403757078
2.786051981237391,1.9886518968963716,1.5599603419711598
2.785967851647107,1.9898591596267086,1.5618305214900754
2.7859153851657825,1.9916004535758176,1.5654509143275164
2.785847696305388,1.9932263636384315,1.56783929592102
2.785762835366932,1.994841096653075,1.5742906748410317
2.7856968453352637,1.9950208272708698,1.5751022142942128
2.785638826290521,1.995810137631064,1.5776139642145623
2.7855522249285003,1.997320953468185,1.5811415159136455
2.7855315336663025,1.997963517932403,1.5882368398056457
2.7854510431047577,1.9988926140160204,1.5911637546960096
2.7854231979179125,1.999111877207333,1.598170108107646
2.7853893519441413,1.9992773996082533,1.6034896895775994
2.785346717417142,2.001907099257117,1.6043595070785708
2.7852661452334866,2.0037761691118665,1.6085264233703145
2.785209790200195,2.0066267416778683,1.6113567455848434
2.785152956233196,2.0076964830398523,1.6178373247243267
2.785138785145644,2.007892539043734,1.6211613119367028
2.785066866657751,2.0087339727529923,1.6256770535382588
2.785060796037856,2.0100541432669847,1.6312589139532048
2.7849988895139073,2.0107677950859233,1.634642066770548
2.7849580931285582,2.0126936410268406,1.6377612740380332
2.7849062774790285,2.0138830172776725,1.6410550409782616
2.78481723304939,2.014447889268674,1.6420086463581676
2.7847832364033067,2.0151782992611165,1.648973450920577
2.784773852469771,2.0162537535397775,1.6545251915641994
2.7847104948904255,2.0166163351545894,1.6570899182673318
2.7846470754597443,2.0182448173204794,1.6598691091462967
2.7845766407770474,2.0207991974229484,1.6641471526890403
2.7845523464206288,2.0214199834905653,1.6695545723094518
2.7845076758631646,2.022013523402153,1.6766773139825453
2.784504279382291,2.024055401114342,1.6805636770924062
2.7844828801564994,2.0255129781740777,1.6857959454385905
2.784405278718006,2.0272196231762765,1.6892169532375638
2.784344497315488,2.029490028930349,1.692130581693159
2.784331262265557,2.031964170795049,1.6992766638604406
2.7843257994995945,2.0343968124526075,1.70559966416137
2.7842839006452595,2.03668132359094,1.7065543320211871
2.7841993144187898,2.038915980372328,1.7083211826026314
2.784145542858518,2.0405562687920007,1.7140116363745928
2.784143899156535,2.043361142044721,1.7205915859720724
2.7841278852537283,2.0433815947432183,1.7213424213709456
2.784055791965853,2.0457373899459528,1.725717045309027
2.784010215891238,2.0474185349113605,1.7274364439454502
2.7839320112471455,2.0484102292410302,1.7313730657987745
2.7838955321090304,2.0493358506147037,1.7316052721858308
2.7838535163661406,2.050468901708572,1.7382906131764075
2.783853076666052,2.051108750152186,1.7438217615354075
2.783805248999671,2.0535624494001192,1.746163714528631
2.783792094277477,2.0536441410161075,1.7478622637678711
2.7837117309899986,2.0560282710250455,1.7510942162125602
2.7836908184474973,2.0588595278068635,1.753872481020751
2.783652269686151,2.060932603395895,1.7538866427176156
2.783622462053906,2.0617311504277085,1.7543352250858593
2.7836222724465616,2.064272970612152,1.7558738754278143
2.783584391425296,2.0669138721063143,1.7617733031271694
2.783505104109832,2.0694015904786673,1.761937370896112
2.7834328651432125,2.070640991631326,1.762601238518086
2.7833719756691306,2.0710827127180162,1.7674835225466714
2.7833408246387106,2.072537379880068,1.7710946820153262
2.7832580863530714,2.075211744551047,1.7751193589546657
2.78318952366366,2.0759655695922876,1.7817188604859437
2.7831202637224037,2.0781666903769076,1.7830710055526091
2.7831070919390886,2.07879167178837,1.7866233109297847
2.783028585071164,2.0796351575588075,1.7887564210450368
2.782941199333084,2.081215937426748,1.789649236378284
2.7829320871861047,2.0820416398142254,1.7926636863922505
2.782871003841312,2.084550711872201,1.7959032182876602
2.7828485169045765,2.0855815926143895,1.796881600618362
2.7828315882920465,2.086651277010224,1.8006796308829367
2.7828023447398524,2.088984103904698,1.806783147005067
2.7827631795435055,2.0897196732220884,1.806883945533141
2.7827409540937187,2.0908310590607004,1.8121764290062001
2.7827082208749907,2.0912806628574097,1.816391346922432
2.7826759028173504,2.091452937908757,1.8228368414138838
2.782617347330635,2.0940680549208563,1.827658244926302
2.782548347900006,2.096543544253372,1.8328394199436626
2.7824741606893757,2.098664794373615,1.8388375894666114
2.782407120886244,2.0998418336945286,1.8395548185567372
2.7824022240499424,2.1000564912880244,1.8420293900212588
2.7823546455694563,2.1022474225772534,1.8464878398197226
2.7823049776266022,2.103387177444666,1.8528654436631464
2.7822195269997816,2.103976994860355,1.8544595415862137
2.782189242714881,2.106030560536995,1.8545776659567308
2.7821056005853606,2.1086785000923967,1.8557180501435253
2.7820303751957,2.110188805149668,1.862810294960977
2.781945640376021,2.1113256343354623,1.8672673039928132
2.781883994433676,2.111665493796001,1.8732234387313709
2.781808016251336,2.1136111329072964,1.876773884273263
2.781726131506737,2.1138285084022947,1.879165695219297
2.7816433192804997,2.115481057584321,1.8822642655346409
2.781565838685102,2.1175615009299738,1.8835051065136443
2.781500848306598,2.1202870979385624,1.887284827616793
2.7814629885058095,2.1209193936669704,1.8938859440854194
2.7813982643966626,2.121312576651412,1.8973228982501653
2.781322033104232,2.1228178482094755,1.9018721340557974
2.7812820650822085,2.1250343075956875,1.9046110396346596
2.7812474220262007,2.125949762565354,1.9094370077064475
2.7812128717565177,2.1263133110375216,1.9147810469051612
2.781194021102441,2.1280877387186004,1.9153327294745646
2.7811295384869292,2.130420354954937,1.9163378641808317
2.781091045792888,2.1306210279709497,1.9208533551632156
2.7810585277766733,2.131486758758197,1.9267640592983983
2.7810533715256356,2.1337396081806643,1.929191903208366
2.780990378965408,2.135548753886816,1.930429391106013
2.780941693789133,2.13652587096065,1.9353256995473798
2.7809210866527536,2.13872747166497,1.9387497729845162
2.7808531497644084,2.1408825738578985,1.9425859191630486
2.780813574391051,2.14326650368407,1.9447333835966225
2.780769357145722,2.1446148731199446,1.9467852223213973
2.7807192715091995,2.1465274390809017,1.9493331318119678
2.7806682074223286,2.1476252874598005,1.9547671914243427
2.780622627109769,2.148704936765129,1.95892835934643
2.7805572421853406,2.148705293895202,1.9615922805700585
2.780507440599134,2.15013685049901,1.9686483104058774
2.780499159333568,2.150893694876508,1.9700531992296892
2.780413381728179,2.152872175899599,1.9746331662959258
2.7803953470979135,2.1537250051518315,1.9749450084793039
2.780344043963337,2.154126035610766,1.977329824102267
2.780281218482397,2.1561609911199078,1.9786465117358587
2.7802359118729965,2.156186588855798,1.981349282363639
2.78015721044294,2.15815926206934,1.9876628121374216
2.78015119510356,2.1592429078115343,1.9915454813898146
2.780079503853046,2.159424918578188,1.9951378775579685
2.780026392587186,2.16095128282653,1.9988744927986661
2.7799665011361223,2.162436719290611,2.0015695252050945
2.779910684147182,2.163312802266859,2.005951738627284
2.7798332519584505,2.1645464590523185,2.006561999922986
2.7798093689161676,2.1669452674712444,2.0134807560105243
2.7797763848926738,2.167069111360298,2.019940958199354
2.779726915318015,2.168443250451211,2.021412276361852
2.7796747153128507,2.170571528760638,2.0220179695216456
2.779674404291721,2.1715432705248072,2.0247013594818712
2.779621349614937,2.171850346994152,2.027302758848238
2.779536874680319,2.1745173877500754,2.031174405533926
2.779483034984199,2.1773293497156354,2.0357212281877657
2.7793933474593513,2.179835760976528,2.041837062205917
2.7793744443847737,2.180788627313756,2.0431289398019166
2.7793176667226756,2.1817154601635527,2.0479472180008322
2.779266138255461,2.184403291206734,2.051943069614037
2.779188836755196,2.1866275225878833,2.0550170408267645
2.779147178457015,2.1873577911398603,2.0588736514955412
2.7791233921279686,2.1880639590913753,2.05918673474088
2.77910846060278,2.1889850291854365,2.060188932347948
2.7790776733261664,2.1915490233762815,2.0636104224371374
2.7790037860630648,2.1919109122559255,2.064218002666883
2.7789910601143974,2.1942951476376362,2.067569005322943
2.7789897787465185,2.196262294974335,2.07414049093331
2.7789867397691377,2.1968646050622795,2.0780733305913737
2.7789863086123128,2.1990974959410687,2.0821449928444737
2.7789444968074193,2.2012509137851928,2.084222737801873
2.77889562720929,2.2015830512531736,2.0891033336269986
2.778849181765546,2.2041571017822768,2.0939812757765695
2.7787945453028113,2.206030617447378,2.0989267133646314
2.7787657045862098,2.206659763819409,2.1025594276467503
2.778750682936252,2.2067064514885977,2.106067383808744
2.778729688175723,2.2067130296803246,2.109582969658432
2.77869057404646,2.209419168159172,2.1127197773596973
2.7786864183696025,2.209899336146593,2.1182986203013834
2.778651534692046,2.2105246292665077,2.1251439259034077
2.7785838531541502,2.2105509904868685,2.1283361650826627
2.7785327775200135,2.211386190683929,2.1329702291103607
2.7784461544193335,2.211805675064053,2.134400494551148
2.7783880870456525,2.2135245456059947,2.1364427429267674
2.7783135535584766,2.216460404499451,2.14146293289381
2.7783088870386634,2.2184137541072197,2.143500978712609
2.778248133318025,2.219431364207617,2.150569144321014
2.7781930575711917,2.2203670638409214,2.1547896894013476
2.778158235661037,2.2230857865709965,2.160560437619435
2.7781237545092754,2.2238919236730523,2.1677120453382943
2.7780673561045237,2.2240132208911523,2.174365572477771
2.7780313119095537,2.225802472056866,2.1761662635759276
2.777968482326374,2.2259929682672848,2.1802019368849965
2.7778790287761375,2.2288720181992714,2.1855700400897558
2.777858744569552,2.230506341217608,2.1883481338701607
2.7778070842065263,2.2322564893739405,2.1953452766352277
2.7777887490040065,2.2347447115334034,2.201358062602988
2.7777426335586077,2.2352641525182837,2.2027653307163813
2.777660496305912,2.236485266378338,2.2036677420857953
2.7775858656713677,2.2392038654963806,2.2063297283335763
2.7775260885014603,2.2405663915972824,2.2105618399927884
2.777488903079333,2.2431747691749453,2.2171493923020242
2.777434509109997,2.243513326631212,2.219044692234356
2.7774259320653907,2.2437353118383747,2.2205416143900347
2.777416550205833,2.2452781248877662,2.226252656969645
2.777359110680015,2.2475940580864107,2.2302605801992024
2.7773396071261245,2.250092919301213,2.236768172266189
2.7772696746620156,2.250150314992617,2.237032613912087
2.7772586305272267,2.25228031963399,2.2433529951373545
2.777211651504962,2.254556726439732,2.2464730326915303
2.7771334453598784,2.2550526022046595,2.251504532775186
2.7770811049589854,2.2567862393928335,2.2566797823652416
2.7770630435785817,2.256881665456558,2.2590084079712414
2.777032341182518,2.258406575861865,2.2619348224063005
2.776997041882564,2.259321293046382,2.2622940101079703
2.7769572453225115,2.2597360031142966,2.265623001852809
2.7768786694731307,2.2599757502338713,2.267380483048543
2.776820130241707,2.260696688403669,2.271118566660253
2.7767481657158335,2.2609676174001248,2.275043012775075
2.776746520620951,2.2621869264013124,2.279868513895709
2.7767049701586517,2.262754123167349,2.2823878032394793
2.7766654020134025,2.2636901684140724,2.284752452727851
2.77660209129619,2.263846756270452,2.291092456734125
2.776550833902797,2.2638984610520305,2.296779224639675
2.7764610843576625,2.265013463457542,2.3025608188653184
2.7764111210831963,2.2669310947208134,2.3061594080313923
