1
1e-06
-110.284
0
90
216.87
90
36.8699
1
9.43398e-07
-109.778
0
90
212.005
90
32.0054
1
8.94427e-07
-109.315
0
90
206.565
90
26.5651
6
8.00694e-07,1.25477e-06,1.25882e-06,1.26066e-06,1.26359e-06,1.27319e-06
-108.353,-120.015,-127.921,-129.698,-132.53,-141.793
0,3.14159,1.58954,1.02945,2.74039,3.77458
90,90,134.614,134.331,121.409,124.922
182.386,129.611,134.614,134.331,121.409,124.922
90,90,53.7703,51.1888,41.8498,58.2941
2.38594,50.3893,53.7703,51.1888,41.8498,58.2941
6
8e-07,1.28062e-06,1.28122e-06,1.28159e-06,1.28497e-06,1.28722e-06
-108.345,-120.207,-124.78,-125.136,-128.403,-130.576
0,3.14159,3.27791,2.52267,2.35981,5.6266
90,90,129.324,128.895,130.97,129.264
180,128.66,129.324,128.895,130.97,129.264
90,90,56.6725,47.7232,49.5087,53.7549
0,51.3402,56.6725,47.7232,49.5087,53.7549
6
8.00694e-07,1.30682e-06,1.30827e-06,1.3101e-06,1.31284e-06,1.31374e-06
-108.353,-120.396,-125.799,-127.559,-130.202,-131.079
0,3.14159,5.77037,2.08083,3.75274,0.408833
90,90,127.732,132.982,129.521,127.859
177.614,127.747,127.732,132.982,129.521,127.859
90,90,55.2642,60.2141,59.1244,54.6606
357.614,52.2532,55.2642,60.2141,59.1244,54.6606
1
8.94427e-07
-109.315
0
90
153.435
90
333.435
1
9.43398e-07
-109.778
0
90
147.995
90
327.995
